1317359530.52174 0.0000000 0.0000000 0.0000000 0.0000000 0.0000000 0.0000000 1.0000000
1317359530.93627 1.2122260 -0.0351047 0.0140312 0.0034730 -0.0002584 -0.0080970 0.9999612
1317359531.35052 2.5203178 0.0172939 0.0323173 0.0027762 -0.0016616 0.0201310 0.9997921
1317359531.76520 3.9997354 0.1999734 0.0386494 0.0021195 -0.0019550 0.0599277 0.9981986
1317359532.18054 5.6721106 0.5135663 0.0615066 0.0019188 -0.0022131 0.0896468 0.9959693
1317359532.59638 7.5429935 0.9136854 0.0858877 0.0034593 -0.0061697 0.1068238 0.9942528
1317359532.80429 8.5732222 1.1291780 0.0951849 0.0077122 -0.0072378 0.1144647 0.9933710
1317359533.01216 9.6018190 1.4150532 0.1365825 0.0060030 -0.0101272 0.1237223 0.9922471
1317359533.22002 10.7157393 1.7205585 0.1535505 0.0052719 -0.0131155 0.1322219 0.9911193
1317359533.42791 11.8813868 2.0629506 0.2043056 0.0059974 -0.0150192 0.1402943 0.9899778
1317359533.63574 13.0482378 2.4337361 0.2427752 0.0059989 -0.0192047 0.1486030 0.9886922
1317359533.84366 14.2811937 2.8432257 0.3057281 0.0056750 -0.0268770 0.1538356 0.9877145
1317359534.15562 16.2174129 3.5012901 0.4326178 0.0028171 -0.0391004 0.1601821 0.9863087
1317359534.36351 17.5427990 3.9817891 0.5521749 0.0001212 -0.0459207 0.1650234 0.9852200
1317359534.67533 19.6249638 4.7526450 0.7586383 -0.0041613 -0.0516817 0.1726735 0.9836135
1317359534.88320 21.0753860 5.3114629 0.9184867 -0.0050760 -0.0508222 0.1792253 0.9824814
1317359535.09097 22.5468235 5.8996391 1.0757734 -0.0064151 -0.0487735 0.1868514 0.9811557
1317359535.40262 24.8056278 6.8691492 1.3000385 -0.0093453 -0.0421551 0.2006568 0.9787096
1317359535.71426 27.1077690 7.9323220 1.5023708 -0.0099816 -0.0407042 0.2148392 0.9757498
1317359536.02591 29.4648113 9.0852594 1.6964406 -0.0105489 -0.0371429 0.2276289 0.9729821
1317359536.23366 31.0803299 9.9315081 1.8170460 -0.0103274 -0.0324639 0.2360328 0.9711478
1317359536.64922 34.3966713 11.7370653 2.0391109 -0.0083211 -0.0286395 0.2495758 0.9678959
1317359537.16882 38.7232056 14.2328415 2.3046777 -0.0078075 -0.0275681 0.2561448 0.9662137
1317359537.37659 40.5306053 15.2759657 2.4146504 -0.0059265 -0.0267910 0.2574487 0.9659023
1317359537.68816 43.2963142 16.8753185 2.5788825 -0.0046294 -0.0244645 0.2622326 0.9646834
1317359537.89578 45.1348152 17.9897480 2.6875558 -0.0032735 -0.0208298 0.2690098 0.9629066
1317359538.41474 49.6243820 20.9216042 2.9482954 -0.0035669 -0.0186515 0.2948035 0.9553692
1317359538.93411 53.9534874 24.0173054 3.2057736 -0.0040688 -0.0242624 0.3087125 0.9508372
1317359539.34962 57.3829041 26.6197357 3.4014304 -0.0042947 -0.0207097 0.3190977 0.9474858
1317359539.86877 61.6189919 29.9894276 3.6599932 -0.0029491 -0.0211526 0.3372966 0.9411561
1317359540.38762 65.7602844 33.6090927 3.9196568 -0.0007060 -0.0229106 0.3579600 0.9334555
1317359540.59513 67.3941269 35.1240997 4.0254402 -0.0002161 -0.0218309 0.3667126 0.9300781
1317359541.11393 71.4043427 39.1012039 4.3019128 -0.0001467 -0.0225173 0.3866346 0.9219580
1317359541.73655 76.1054306 44.1942673 4.6567845 0.0021676 -0.0238258 0.4058190 0.9136403
1317359542.15161 79.2232742 47.7663765 4.9030914 0.0033274 -0.0233191 0.4172110 0.9085043
1317359542.56652 82.2975998 51.4057770 5.1563320 0.0107382 -0.0230184 0.4286535 0.9031119
1317359543.08497 85.9964218 56.2533722 5.5087805 0.0143349 -0.0198195 0.4541809 0.8905736
1317359543.49971 88.7599106 60.3343887 5.7837434 0.0171142 -0.0191998 0.4762086 0.8789561
1317359543.81083 90.7551956 63.5680580 6.0108337 0.0174080 -0.0199010 0.4926581 0.8698212
1317359544.22572 93.2144547 67.9544296 6.3093181 0.0162745 -0.0197627 0.5106951 0.8593807
1317359544.43317 94.3989792 70.2242661 6.4572811 0.0178861 -0.0192460 0.5181118 0.8549093
1317359544.74447 96.1209183 73.5982895 6.6970425 0.0217044 -0.0210424 0.5268899 0.8493958
1317359544.95202 97.2389755 75.9008102 6.8712664 0.0220810 -0.0192246 0.5310142 0.8468570
1317359545.26338 98.8600922 79.2920074 7.1150093 0.0233502 -0.0146278 0.5358920 0.8438368
1317359545.47099 99.9139709 81.5610962 7.2655082 0.0239200 -0.0123331 0.5380365 0.8424918
1317359545.78229 101.4454193 84.8972473 7.4826531 0.0257106 -0.0091872 0.5406943 0.8407760
1317359545.98979 102.4308319 87.0802765 7.6176248 0.0268618 -0.0069985 0.5426694 0.8394875
1317359546.30108 103.8349991 90.2608185 7.8246579 0.0282182 -0.0073801 0.5431408 0.8391349
1317359546.50871 104.7469177 92.3443375 7.9563370 0.0266017 -0.0089895 0.5404339 0.8409178
1317359546.92412 106.6252975 96.3751984 8.2108669 0.0244650 -0.0104084 0.5276865 0.8490230
1317359547.13181 107.6189575 98.3468933 8.3291159 0.0234058 -0.0106898 0.5191518 0.8542946
1317359547.54730 109.6946487 102.1585999 8.5773268 0.0209669 -0.0146577 0.4972390 0.8672364
1317359547.96274 111.9479752 105.7907028 8.8079062 0.0190030 -0.0139221 0.4722256 0.8811629
1317359548.37798 114.3474960 109.1948776 9.0467291 0.0185736 -0.0137690 0.4486558 0.8934055
1317359548.58553 115.5793686 110.8218994 9.1538477 0.0174113 -0.0124633 0.4376078 0.8989110
1317359548.79313 116.8331757 112.3676682 9.2601700 0.0160492 -0.0138132 0.4262357 0.9043643
1317359549.10442 118.7411194 114.6133041 9.4097672 0.0149127 -0.0121394 0.4094392 0.9121348
1317359549.51941 121.3171616 117.3856049 9.5913677 0.0125554 -0.0107798 0.3907976 0.9203279
1317359549.83076 123.2546997 119.3254547 9.7077065 0.0101008 -0.0098291 0.3766224 0.9262596
1317359550.14222 125.1707306 121.1643066 9.8028383 0.0058838 -0.0070731 0.3583955 0.9335245
1317359550.34991 126.4630661 122.3002014 9.8556852 0.0044838 -0.0074478 0.3444461 0.9387659
1317359550.66146 128.4463654 123.8861542 9.9323826 0.0033967 -0.0074594 0.3216018 0.9468395
1317359550.86917 129.7955475 124.8929520 9.9780464 0.0025173 -0.0052921 0.3062290 0.9519398
1317359551.28434 132.6099854 126.7662125 10.0384312 0.0022425 -0.0019894 0.2792714 0.9602075
1317359551.59570 134.7701111 128.0979614 10.0707970 0.0004793 -0.0017333 0.2617908 0.9651230
1317359552.01065 137.8167572 129.7713013 10.1175747 0.0009046 -0.0017389 0.2427934 0.9700760
1317359552.32181 140.1865997 131.0320129 10.1393986 -0.0021259 0.0025097 0.2326928 0.9725447
1317359552.63313 142.7012177 132.2658081 10.1265669 -0.0046915 0.0058029 0.2218039 0.9750627
1317359552.84070 144.4372711 133.0816040 10.1148434 -0.0045398 0.0073799 0.2137444 0.9768512
1317359553.25591 148.1021729 134.6653137 10.0807953 -0.0023141 0.0064778 0.1933347 0.9811088
1317359553.67164 151.9965363 136.1326447 10.0425062 -0.0083876 0.0077851 0.1577626 0.9874108
1317359554.19144 157.2959900 137.5686646 9.9667950 -0.0128435 0.0139963 0.1024593 0.9945558
1317359554.71096 163.0198975 138.4205322 9.8074093 -0.0147488 0.0152700 0.0483490 0.9986049
1317359555.23012 169.0945129 138.7286530 9.6557016 -0.0179820 0.0178754 -0.0022917 0.9996759
1317359555.74885 175.4977722 138.4172211 9.4951801 -0.0205775 0.0135275 -0.0506258 0.9984140
1317359556.16361 180.7786713 137.6939240 9.4528017 -0.0236878 0.0039396 -0.0870796 0.9959119
1317359556.57854 186.1516724 136.5715942 9.4827223 -0.0237702 0.0004242 -0.1221328 0.9922290
1317359556.88977 190.2387085 135.4797821 9.5557194 -0.0262544 -0.0013898 -0.1479030 0.9886524
1317359557.20109 194.2982178 134.1350098 9.6343737 -0.0283970 -0.0053248 -0.1750453 0.9841364
1317359557.61638 199.6570129 131.9720917 9.8499479 -0.0318177 -0.0116888 -0.2174687 0.9754785
1317359558.03184 204.8922882 129.2460632 10.1334591 -0.0378136 -0.0148356 -0.2721878 0.9613864
1317359558.44710 209.8557587 125.8672333 10.5211535 -0.0390223 -0.0213420 -0.3230124 0.9453490
1317359558.86214 214.5078278 121.9581451 10.9968643 -0.0386227 -0.0253661 -0.3670991 0.9290334
1317359559.17324 217.7657928 118.7757492 11.4020777 -0.0390591 -0.0300718 -0.3952520 0.9172491
1317359559.38060 219.8393097 116.5347900 11.7005215 -0.0396495 -0.0297569 -0.4140013 0.9089254
1317359559.58800 221.8159332 114.2209778 12.0055742 -0.0419455 -0.0265343 -0.4337178 0.8996807
1317359559.89899 224.5342865 110.6810150 12.4617023 -0.0460780 -0.0259588 -0.4630188 0.8847692
1317359560.21012 226.9275360 107.0495758 12.9089823 -0.0470863 -0.0220105 -0.4943824 0.8676891
1317359560.62501 229.6092072 102.1135025 13.4678679 -0.0460406 -0.0200906 -0.5346113 0.8436038
1317359560.93623 231.2486572 98.3727875 13.8791237 -0.0440267 -0.0209290 -0.5628362 0.8251297
1317359561.24747 232.6077576 94.6542358 14.3049812 -0.0477535 -0.0258937 -0.5883803 0.8067575
1317359561.55872 233.6996918 90.9870834 14.7662468 -0.0556951 -0.0261465 -0.6123414 0.7881957
1317359561.97374 234.8110352 86.1707382 15.3709774 -0.0579559 -0.0228063 -0.6428343 0.7634691
1317359562.18125 235.2054901 83.7870941 15.6724806 -0.0605604 -0.0229662 -0.6565137 0.7515283
1317359562.49242 235.6246338 80.2562561 16.1378765 -0.0594566 -0.0202887 -0.6757390 0.7344591
1317359562.69984 235.8071594 77.9439392 16.4178696 -0.0565431 -0.0185202 -0.6856220 0.7255221
1317359562.90720 235.9316711 75.6963043 16.6892128 -0.0561526 -0.0199052 -0.6924869 0.7189663
1317359563.21829 236.0455933 72.4157333 17.1059742 -0.0618122 -0.0239720 -0.6985035 0.7125289
1317359563.42566 236.1099854 70.2811279 17.3846836 -0.0599161 -0.0214684 -0.7015021 0.7098197
1317359563.63301 236.1438904 68.1651764 17.6365547 -0.0548750 -0.0181270 -0.7030763 0.7087622
1317359563.94409 236.1997681 65.0638428 18.0116615 -0.0576695 -0.0197121 -0.7019267 0.7096370
1317359564.15149 236.2546387 63.0323410 18.2507229 -0.0585755 -0.0196369 -0.6999144 0.7115499
1317359564.35888 236.3213654 61.0273323 18.4950237 -0.0601696 -0.0193250 -0.6966083 0.7146629
1317359564.56626 236.4100494 59.0293541 18.7338409 -0.0596576 -0.0184507 -0.6920246 0.7191679
1317359564.87744 236.5765076 56.0796356 19.1028976 -0.0585256 -0.0188190 -0.6842452 0.7266561
1317359565.08504 236.7369537 54.1280289 19.3295536 -0.0578128 -0.0173735 -0.6793641 0.7313141
1317359565.70759 237.3595123 48.3569832 19.9932728 -0.0588721 -0.0182407 -0.6642969 0.7449235
1317359565.91514 237.6298370 46.4476585 20.2118168 -0.0587105 -0.0169271 -0.6593740 0.7493280
1317359566.33022 238.2020264 42.6847458 20.6284866 -0.0568374 -0.0175676 -0.6490914 0.7583807
1317359566.74513 238.9005432 38.9974136 21.0622196 -0.0575782 -0.0189325 -0.6355124 0.7697079
1317359566.95264 239.2861786 37.1556892 21.2670612 -0.0578883 -0.0168912 -0.6314361 0.7730796
1317359567.16025 239.7015228 35.2890701 21.4702549 -0.0583242 -0.0181352 -0.6292433 0.7748047
1317359567.36779 240.1251678 33.4072914 21.6807213 -0.0572716 -0.0186074 -0.6268797 0.7767854
1317359567.57533 240.5631714 31.5095577 21.8948593 -0.0568306 -0.0196724 -0.6241865 0.7789573
1317359567.78283 241.0097656 29.5954056 22.0970497 -0.0543075 -0.0190426 -0.6214878 0.7813073
1317359567.99038 241.4738617 27.6919289 22.3086433 -0.0529139 -0.0196731 -0.6176250 0.7844440
1317359568.19790 241.9628448 25.7769985 22.5152321 -0.0525679 -0.0207454 -0.6126015 0.7883690
1317359568.40542 242.4880676 23.8773937 22.7153893 -0.0510463 -0.0209563 -0.6064212 0.7932266
1317359568.61292 243.0310974 21.9887314 22.9272690 -0.0489329 -0.0230068 -0.5979454 0.7997109
1317359568.82034 243.6400909 20.1037121 23.1308823 -0.0479065 -0.0223600 -0.5888314 0.8065250
1317359569.02785 244.2810059 18.2359791 23.3373604 -0.0476401 -0.0220587 -0.5797473 0.8131032
1317359569.23537 244.9801788 16.3930092 23.5415554 -0.0495759 -0.0216662 -0.5707395 0.8193468
1317359569.44287 245.7096710 14.5603809 23.7332268 -0.0500637 -0.0199347 -0.5618217 0.8255015
1317359569.65046 246.4612732 12.7472258 23.9239292 -0.0494015 -0.0190354 -0.5550132 0.8301551
1317359569.85799 247.2467804 10.9568739 24.1105576 -0.0493205 -0.0176573 -0.5480274 0.8348183
1317359570.06556 248.0535278 9.1901379 24.2941532 -0.0498981 -0.0182253 -0.5408318 0.8394516
1317359570.27315 248.8917389 7.4472404 24.4666424 -0.0494387 -0.0174249 -0.5330258 0.8444736
1317359570.48076 249.7639923 5.7185020 24.6469154 -0.0480987 -0.0152605 -0.5252593 0.8494447
1317359570.68826 250.6594696 4.0332499 24.8042221 -0.0472587 -0.0129871 -0.5173197 0.8543876
1317359570.89580 251.5755920 2.3738699 24.9562511 -0.0470933 -0.0118733 -0.5094521 0.8591274
1317359571.10333 252.5226593 0.7424869 25.1075764 -0.0467191 -0.0109076 -0.5010883 0.8640653
1317359571.31085 253.4877472 -0.8730505 25.2500992 -0.0465650 -0.0110795 -0.4929696 0.8687289
1317359571.51841 254.4917450 -2.4557743 25.3861752 -0.0462613 -0.0098180 -0.4850349 0.8732151
1317359571.82977 256.0435486 -4.8320847 25.5823212 -0.0452360 -0.0061921 -0.4768619 0.8777916
1317359572.14123 257.6324158 -7.1918144 25.7545700 -0.0429747 -0.0022885 -0.4729775 0.8800229
1317359572.34885 258.6999207 -8.7651052 25.8647041 -0.0428949 -0.0028244 -0.4711465 0.8810068
1317359572.55642 259.7808838 -10.3456154 25.9623108 -0.0425991 -0.0033250 -0.4694460 0.8819267
1317359572.76402 260.8707275 -11.9414568 26.0744019 -0.0401513 -0.0021251 -0.4679368 0.8828468
1317359572.97164 261.9721985 -13.5302992 26.1612663 -0.0381795 0.0000123 -0.4668353 0.8835198
1317359573.17917 263.0777893 -15.1260862 26.2530365 -0.0374295 0.0008933 -0.4663458 0.8838099
1317359573.38669 264.1976318 -16.7379818 26.3285446 -0.0372328 0.0021546 -0.4658843 0.8840593
1317359573.59423 265.3314514 -18.3659000 26.4085636 -0.0357499 0.0047273 -0.4653433 0.8843954
1317359573.80178 266.4597168 -19.9779644 26.4836044 -0.0348487 0.0057761 -0.4642951 0.8849759
1317359574.00933 267.6044922 -21.5912094 26.5420933 -0.0334423 0.0072795 -0.4629517 0.8857225
1317359574.21676 268.7419739 -23.2003078 26.5987339 -0.0319856 0.0082508 -0.4607225 0.8869293
1317359574.42424 269.8901978 -24.7885551 26.6436920 -0.0305966 0.0103205 -0.4575319 0.8886067
1317359574.83904 272.2103271 -27.9150162 26.7239552 -0.0275350 0.0115755 -0.4456674 0.8947002
1317359575.25393 274.6431274 -30.9614601 26.7604866 -0.0235611 0.0140710 -0.4309943 0.9019372
1317359575.46134 275.8984680 -32.4624062 26.7793503 -0.0225666 0.0133140 -0.4212062 0.9065863
1317359575.77259 277.8609009 -34.6685104 26.7931557 -0.0206794 0.0143389 -0.4048847 0.9140214
1317359575.98008 279.2384033 -36.1194267 26.7880497 -0.0195812 0.0158292 -0.3940973 0.9187237
1317359576.18762 280.6632080 -37.5527916 26.7736664 -0.0187744 0.0191554 -0.3832133 0.9232704
1317359576.39509 282.1303711 -38.9747543 26.7404346 -0.0136065 0.0215237 -0.3721442 0.9278256
1317359576.60251 283.6331177 -40.3549500 26.7013092 -0.0097370 0.0208225 -0.3591723 0.9329882
1317359576.80989 285.2032166 -41.7170029 26.6506557 -0.0076877 0.0224763 -0.3460366 0.9379202
1317359577.01726 286.8280334 -43.0408630 26.5963879 -0.0060887 0.0239490 -0.3330127 0.9425985
1317359577.22472 288.4999390 -44.3280296 26.5348377 -0.0045171 0.0251805 -0.3198031 0.9471386
1317359577.43223 290.2113342 -45.5733986 26.4648399 -0.0049419 0.0260968 -0.3076251 0.9511369
1317359577.63979 291.9699097 -46.7938652 26.3890877 -0.0060582 0.0265966 -0.2983101 0.9540792
1317359577.84741 293.7637024 -47.9869118 26.3146267 -0.0094815 0.0278343 -0.2890921 0.9568496
1317359578.05502 295.6105347 -49.1567459 26.2253914 -0.0121648 0.0315229 -0.2807105 0.9591976
1317359578.26267 297.4905090 -50.2952232 26.1320648 -0.0156083 0.0342922 -0.2732842 0.9611952
1317359578.47037 299.3786316 -51.4329834 26.0272884 -0.0169885 0.0338753 -0.2688751 0.9624292
1317359578.67813 301.2807922 -52.5636215 25.9364071 -0.0213139 0.0300079 -0.2668162 0.9630443
1317359578.88580 303.2087402 -53.7041779 25.8539371 -0.0227617 0.0304242 -0.2658626 0.9632618
1317359579.09345 305.1614990 -54.8553848 25.7744141 -0.0217907 0.0304955 -0.2650082 0.9635174
1317359579.30101 307.1289673 -56.0093079 25.6929188 -0.0211308 0.0294813 -0.2639177 0.9638630
1317359579.50847 309.1022034 -57.1607590 25.6185455 -0.0202610 0.0289552 -0.2614757 0.9645629
1317359579.71590 311.0954895 -58.3005295 25.5469875 -0.0188755 0.0292144 -0.2564658 0.9659273
1317359579.92328 313.1095886 -59.4115791 25.4687119 -0.0173272 0.0290740 -0.2466995 0.9685008
1317359580.13066 315.1361694 -60.4706230 25.3913631 -0.0166990 0.0292515 -0.2343574 0.9715668
1317359580.33807 317.1775818 -61.4568329 25.3031330 -0.0174688 0.0304325 -0.2215975 0.9745067
1317359580.54538 319.2416687 -62.3999825 25.2177639 -0.0157418 0.0313023 -0.2088303 0.9773240
1317359580.75283 321.3182068 -63.2681389 25.1308422 -0.0157740 0.0319151 -0.1950740 0.9801422
1317359580.96036 323.4094543 -64.0580978 25.0474606 -0.0178231 0.0318616 -0.1821847 0.9825863
1317359581.16798 325.5195312 -64.7946472 24.9534645 -0.0221183 0.0323684 -0.1716744 0.9843734
1317359581.37567 327.6182251 -65.5118866 24.8537426 -0.0224121 0.0325685 -0.1652478 0.9854594
1317359581.58334 329.7329102 -66.2123489 24.7553883 -0.0216971 0.0320583 -0.1600593 0.9863481
1317359581.79096 331.8441772 -66.8930893 24.6662216 -0.0195802 0.0309172 -0.1549309 0.9872473
1317359581.99851 333.9461365 -67.5394821 24.5836601 -0.0194026 0.0293050 -0.1495370 0.9881313
1317359582.20597 336.0728149 -68.1686630 24.5005951 -0.0203946 0.0293994 -0.1429714 0.9890798
1317359582.41335 338.1932678 -68.7562714 24.4064751 -0.0209701 0.0317723 -0.1358716 0.9899948
1317359582.62080 340.3022766 -69.3117981 24.3165092 -0.0191156 0.0301796 -0.1308405 0.9907596
1317359582.82825 342.4007874 -69.8566589 24.2300510 -0.0167557 0.0288178 -0.1278460 0.9912337
1317359583.03590 344.4483948 -70.3712692 24.1508789 -0.0195092 0.0303498 -0.1304505 0.9907981
1317359583.24376 346.4698181 -70.9079590 24.0674152 -0.0233262 0.0316192 -0.1426280 0.9889961
1317359583.45152 348.4044189 -71.4962158 23.9807892 -0.0229475 0.0321535 -0.1533588 0.9873807
1317359583.65908 350.2672424 -72.1106415 23.9100800 -0.0213347 0.0319784 -0.1596488 0.9864251
1317359583.86646 352.0795898 -72.7234802 23.8428612 -0.0202181 0.0301200 -0.1608541 0.9863113
1317359584.07382 353.8854370 -73.3238907 23.7781639 -0.0186064 0.0289276 -0.1553523 0.9872602
1317359584.28110 355.6954956 -73.8824844 23.7009659 -0.0150266 0.0280402 -0.1444775 0.9889966
1317359584.48836 357.5074463 -74.3943634 23.6313591 -0.0119120 0.0274675 -0.1288185 0.9912161
1317359584.69558 359.3288879 -74.8233414 23.5630913 -0.0083095 0.0266018 -0.1081273 0.9937463
1317359584.90284 361.1652527 -75.1562729 23.4977646 -0.0068646 0.0254116 -0.0829973 0.9962021
1317359585.11014 362.9888306 -75.3829422 23.4366531 -0.0057357 0.0231684 -0.0563338 0.9981267
1317359585.31743 364.8324280 -75.4968185 23.3814144 -0.0065532 0.0219407 -0.0268960 0.9993759
1317359585.52486 366.6772766 -75.5007706 23.3203659 -0.0058378 0.0214941 0.0039872 0.9997440
1317359585.73239 368.5273438 -75.3842316 23.2687416 -0.0055274 0.0197461 0.0351559 0.9991715
1317359585.94010 370.3493652 -75.1633911 23.2211971 -0.0070438 0.0176014 0.0587030 0.9980955
1317359586.14806 372.1961975 -74.8678894 23.1554489 -0.0133688 0.0205595 0.0726172 0.9970583
1317359586.35621 374.0474243 -74.5626602 23.1053085 -0.0152484 0.0192520 0.0773929 0.9966981
1317359586.56439 375.9590454 -74.2526398 23.0356674 -0.0175499 0.0148260 0.0770650 0.9967613
1317359586.77254 377.9212646 -73.9452667 22.9847164 -0.0177562 0.0147925 0.0742400 0.9969726
1317359586.98056 379.9054260 -73.6630936 22.9466400 -0.0155924 0.0128014 0.0717375 0.9972195
1317359587.18847 381.9397583 -73.3637924 22.9088535 -0.0139636 0.0088823 0.0698038 0.9974235
1317359587.39629 384.0504761 -73.0569687 22.8747120 -0.0145273 0.0100277 0.0688437 0.9974713
1317359587.60401 386.1840820 -72.7458038 22.8443108 -0.0166126 0.0109003 0.0685651 0.9974488
1317359587.81158 388.3652344 -72.4231415 22.7995796 -0.0177574 0.0105805 0.0689624 0.9974051
1317359588.01905 390.5748901 -72.1012421 22.7688999 -0.0167934 0.0086470 0.0701486 0.9973577
1317359588.22644 392.8069153 -71.7690430 22.7403984 -0.0146058 0.0075035 0.0740707 0.9971178
1317359588.43375 395.0363770 -71.4144211 22.7250824 -0.0102810 0.0082197 0.0823642 0.9965154
1317359588.64115 397.2485046 -71.0234833 22.7178230 -0.0072489 0.0072010 0.0920757 0.9956996
1317359588.84863 399.4487610 -70.5771484 22.7144108 -0.0063506 0.0066895 0.1015197 0.9947908
1317359589.05616 401.6468506 -70.0883408 22.7049484 -0.0054767 0.0069220 0.1107800 0.9938058
1317359589.26370 403.8146362 -69.5555496 22.7090721 -0.0060933 0.0053723 0.1200963 0.9927290
1317359589.47120 405.9715881 -68.9812622 22.7085934 -0.0057117 0.0045301 0.1280360 0.9917427
1317359589.67880 408.1041260 -68.3924332 22.7142162 -0.0050931 0.0040171 0.1347966 0.9908521
1317359589.88631 410.2196045 -67.7853241 22.7317047 -0.0010108 0.0022126 0.1405412 0.9900718
1317359590.09385 412.3365173 -67.1619797 22.7472649 0.0026766 -0.0008007 0.1465667 0.9891968
1317359590.30143 414.4519653 -66.4997711 22.7625294 0.0030336 0.0008774 0.1515044 0.9884515
1317359590.50907 416.5485535 -65.8185883 22.7838783 0.0024371 0.0005267 0.1548653 0.9879324
1317359590.71667 418.6517029 -65.1283569 22.8000870 0.0035676 0.0034040 0.1571374 0.9875644
1317359590.92432 420.7581482 -64.4374771 22.8122177 0.0063706 0.0053738 0.1580504 0.9873959
1317359591.13193 422.8872070 -63.7388420 22.8138847 0.0111923 0.0064200 0.1589639 0.9872001
1317359591.33958 425.0066528 -63.0333023 22.8192139 0.0129934 0.0067583 0.1600379 0.9870022
1317359591.54713 427.1464844 -62.3054428 22.8246479 0.0130165 0.0079828 0.1612109 0.9868019
1317359591.75467 429.2655945 -61.5696907 22.8274536 0.0106598 0.0098252 0.1623846 0.9866210
1317359591.96222 431.3700562 -60.8343468 22.8209286 0.0090590 0.0118465 0.1625373 0.9865897
1317359592.16980 433.4891052 -60.1083641 22.8019657 0.0081311 0.0132819 0.1611668 0.9868043
1317359592.37733 435.6007080 -59.3960838 22.7721386 0.0068961 0.0155298 0.1597405 0.9870128
1317359592.58481 437.7034607 -58.6919861 22.7398014 0.0052104 0.0176114 0.1583803 0.9872074
1317359592.79225 439.7787476 -57.9941025 22.7022686 0.0053099 0.0175755 0.1570296 0.9874232
1317359592.99974 441.8777771 -57.3014984 22.6501026 0.0055817 0.0197240 0.1558275 0.9875716
1317359593.20724 443.9276123 -56.6396179 22.6007710 0.0072258 0.0223023 0.1548374 0.9876618
1317359593.41476 445.9570923 -55.9829979 22.5531807 0.0084347 0.0226042 0.1538477 0.9878000
1317359593.62222 447.9937439 -55.3417244 22.4807987 0.0128402 0.0235677 0.1536481 0.9877611
1317359593.82967 450.0016479 -54.6975060 22.4386311 0.0138474 0.0237369 0.1537169 0.9877327
1317359594.03709 451.9934692 -54.0561829 22.3756733 0.0140565 0.0257593 0.1541043 0.9876187
1317359594.24450 453.9474487 -53.4202881 22.3120995 0.0143953 0.0263280 0.1544877 0.9875389
1317359594.45186 455.8773804 -52.7954941 22.2567539 0.0141243 0.0265016 0.1547237 0.9875013
1317359594.65924 457.7941589 -52.1709099 22.1899872 0.0142699 0.0276398 0.1553443 0.9873705
1317359594.86675 459.6839294 -51.5514984 22.1267586 0.0144982 0.0280644 0.1559654 0.9872573
1317359595.07427 461.5498352 -50.9344444 22.0596676 0.0125141 0.0288345 0.1560161 0.9872543
1317359595.28182 463.4009705 -50.3120270 21.9857388 0.0114898 0.0306525 0.1560781 0.9872021
1317359595.48934 465.2398071 -49.7025719 21.9034462 0.0109480 0.0338156 0.1565491 0.9870304
1317359595.69679 467.0575562 -49.0981941 21.8106728 0.0117699 0.0376834 0.1582150 0.9866151
1317359595.90423 468.8611145 -48.4971237 21.7058792 0.0134529 0.0398889 0.1600153 0.9862165
1317359596.11167 470.6331482 -47.8827324 21.5966759 0.0145682 0.0411752 0.1619051 0.9858393
1317359596.31912 472.4031067 -47.2776718 21.4845181 0.0157460 0.0418968 0.1629181 0.9856239
1317359596.52657 474.1148071 -46.6876869 21.3659058 0.0156120 0.0420308 0.1621895 0.9857405
1317359596.73398 475.8033447 -46.1245766 21.2654152 0.0184936 0.0431266 0.1615907 0.9857416
1317359596.94137 477.4522095 -45.5616798 21.1550980 0.0189728 0.0433936 0.1611462 0.9857936
1317359597.14885 479.0379028 -45.0277252 21.0615234 0.0194746 0.0415899 0.1601742 0.9860199
1317359597.35633 480.5837402 -44.5065765 20.9673252 0.0185015 0.0407184 0.1592503 0.9862246
1317359597.56380 482.1082764 -43.9999161 20.8799152 0.0195694 0.0400241 0.1584017 0.9863691
1317359597.77133 483.6219788 -43.4985580 20.7888145 0.0199819 0.0396742 0.1560345 0.9867522
1317359597.97892 485.1285400 -43.0278168 20.7056675 0.0202609 0.0387455 0.1501612 0.9876942
1317359598.18670 486.6422729 -42.5662384 20.6116009 0.0170799 0.0407131 0.1399432 0.9891747
1317359598.39455 488.1795349 -42.1644363 20.5008698 0.0151252 0.0454996 0.1255882 0.9909231
1317359598.60247 489.7147522 -41.8131714 20.3955574 0.0129958 0.0475476 0.1054215 0.9932052
1317359598.91442 492.0186157 -41.4346008 20.2005138 0.0106514 0.0504219 0.0695596 0.9962458
1317359599.12232 493.5788879 -41.2841988 20.0709114 0.0101695 0.0488241 0.0416589 0.9978864
1317359599.33014 495.1443787 -41.2141266 19.9436302 0.0099831 0.0486062 0.0156013 0.9986463
1317359599.53784 496.7196045 -41.2402763 19.8108292 0.0111865 0.0497206 -0.0105314 0.9986450
1317359599.74545 498.3134460 -41.3358040 19.6743889 0.0127079 0.0506253 -0.0354683 0.9980068
1317359599.95303 499.9075317 -41.5123291 19.5351639 0.0134190 0.0507845 -0.0614735 0.9967256
1317359600.26428 502.3208313 -41.9388657 19.3189220 0.0143173 0.0490297 -0.0952593 0.9941412
1317359600.47172 503.9279175 -42.3088684 19.1756363 0.0146221 0.0483570 -0.1148832 0.9920936
1317359600.67919 505.5386047 -42.7404709 19.0309429 0.0138925 0.0479411 -0.1331273 0.9898413
1317359600.88664 507.1470032 -43.2298470 18.8881416 0.0138033 0.0477282 -0.1522826 0.9870874
1317359601.09408 508.7539673 -43.7937775 18.7410908 0.0140251 0.0482769 -0.1707038 0.9840390
1317359601.40515 511.1438599 -44.7566032 18.5196457 0.0147236 0.0481634 -0.1970897 0.9790910
1317359601.61251 512.7113037 -45.4576569 18.3824158 0.0133582 0.0466012 -0.2144785 0.9755249
1317359601.82001 514.2577515 -46.2223473 18.2293320 0.0092067 0.0465447 -0.2342110 0.9710273
1317359602.02751 515.7778931 -47.0639534 18.0910778 0.0093468 0.0483041 -0.2555981 0.9655304
1317359602.23509 517.2593384 -47.9904251 17.9487476 0.0087028 0.0495667 -0.2789462 0.9589872
1317359602.44266 518.6868286 -48.9936600 17.8006439 0.0090596 0.0496859 -0.3060125 0.9506869
1317359602.65013 520.0408325 -50.0637207 17.6504803 0.0103966 0.0495961 -0.3312519 0.9421806
1317359602.85754 521.3475952 -51.2020645 17.5100269 0.0117429 0.0498188 -0.3549189 0.9334949
1317359603.06488 522.5981445 -52.3830986 17.3684444 0.0122311 0.0488674 -0.3752640 0.9255481
1317359603.27219 523.8052368 -53.6302185 17.2189274 0.0131471 0.0504593 -0.3939136 0.9176672
1317359603.47958 524.9714966 -54.9166145 17.0740318 0.0129139 0.0495502 -0.4112732 0.9100727
1317359603.68697 526.0870972 -56.2689476 16.9144573 0.0126546 0.0510682 -0.4285444 0.9019876
1317359603.89450 527.1723633 -57.6717377 16.7562370 0.0137148 0.0552606 -0.4470598 0.8926901
1317359604.10205 528.1988525 -59.1326981 16.5851994 0.0139011 0.0548464 -0.4686045 0.8815943
1317359604.30960 529.1541138 -60.6503220 16.4156322 0.0142782 0.0538836 -0.4895938 0.8701670
1317359604.51715 530.0272217 -62.2476349 16.2454376 0.0164587 0.0526820 -0.5109101 0.8578605
1317359604.72468 530.8434448 -63.8835373 16.0771427 0.0172751 0.0523936 -0.5329421 0.8443513
1317359605.03586 531.9296875 -66.4515381 15.8256159 0.0144746 0.0519919 -0.5656475 0.8228793
1317359605.24331 532.5476074 -68.2412109 15.6616421 0.0129495 0.0527067 -0.5880330 0.8070139
1317359605.45076 533.0659180 -70.0858459 15.4888000 0.0123448 0.0523133 -0.6093454 0.7910810
1317359605.65816 533.4882812 -71.9913254 15.3336601 0.0137600 0.0513080 -0.6300450 0.7747396
1317359605.86559 533.8167725 -73.9388275 15.1757917 0.0147426 0.0499473 -0.6497172 0.7583901
1317359606.17663 534.1306763 -76.9239883 14.9356251 0.0147045 0.0497509 -0.6777257 0.7334825
1317359606.38402 534.2288818 -78.9580917 14.7719593 0.0158904 0.0506767 -0.6950359 0.7170108
1317359606.59140 534.2346191 -81.0002213 14.6179543 0.0142718 0.0511994 -0.7131514 0.6989922
1317359606.79878 534.1237793 -83.0788040 14.4605942 0.0127735 0.0504687 -0.7304024 0.6810302
1317359607.00623 533.9079590 -85.1726837 14.3074703 0.0136733 0.0496920 -0.7468125 0.6630345
1317359607.21359 533.6010742 -87.2695236 14.1718960 0.0138477 0.0475780 -0.7604185 0.6475402
1317359607.42095 533.2023315 -89.3619232 14.0309238 0.0125348 0.0475088 -0.7741762 0.6310602
1317359607.62838 532.7176514 -91.4712753 13.8927517 0.0107329 0.0462909 -0.7874155 0.6145883
1317359607.83573 532.1413574 -93.5783463 13.7667694 0.0079622 0.0471532 -0.7999821 0.5981152
1317359608.04305 531.4655762 -95.6742325 13.6525717 0.0077705 0.0476212 -0.8124284 0.5810610
1317359608.25035 530.7103882 -97.7819443 13.5273380 0.0081743 0.0480562 -0.8220019 0.5673947
1317359608.45759 529.8811035 -99.8797073 13.4167585 0.0088451 0.0455862 -0.8281209 0.5586228
1317359608.66485 529.0057373 -101.9729309 13.3019714 0.0110730 0.0424021 -0.8317029 0.5534887
1317359608.87214 528.1018677 -104.0855789 13.1923409 0.0151301 0.0395965 -0.8333315 0.5511459
1317359609.07952 527.1979370 -106.2314301 13.0713377 0.0158688 0.0415809 -0.8339152 0.5500952
1317359609.28690 526.2924194 -108.4039154 12.9300013 0.0186318 0.0434015 -0.8346749 0.5487139
1317359609.49421 525.3442993 -110.5998230 12.7892046 0.0187937 0.0418655 -0.8353116 0.5478582
1317359609.70161 524.3971558 -112.7908096 12.6415691 0.0185873 0.0400717 -0.8358604 0.5471620
1317359609.90904 523.4201050 -115.0290985 12.4906464 0.0188055 0.0403646 -0.8366449 0.5459326
1317359610.11650 522.4357910 -117.2839966 12.3354092 0.0204760 0.0408761 -0.8373929 0.5446861
1317359610.32400 521.4542847 -119.5434494 12.1805048 0.0217575 0.0415164 -0.8379481 0.5437333
1317359610.53145 520.4472046 -121.8163452 12.0172939 0.0219229 0.0401152 -0.8383858 0.5431568
1317359610.73886 519.4200439 -124.1339493 11.8496885 0.0217441 0.0394376 -0.8385282 0.5429938
1317359610.94634 518.3820801 -126.4611053 11.6879187 0.0220400 0.0404895 -0.8383834 0.5431282
1317359611.15381 517.3453979 -128.8185883 11.5272083 0.0192445 0.0388443 -0.8380869 0.5438116
1317359611.36126 516.2894897 -131.2035828 11.3628349 0.0186958 0.0389277 -0.8381503 0.5437272
1317359611.56871 515.2073364 -133.6371613 11.1985683 0.0203298 0.0393628 -0.8383729 0.5432938
1317359611.77625 514.1268921 -136.0955200 11.0285978 0.0191493 0.0405557 -0.8384146 0.5431845
1317359611.98376 513.0269775 -138.5691071 10.8633480 0.0190552 0.0412113 -0.8385746 0.5428915
1317359612.19125 511.9196167 -141.0627441 10.6942339 0.0188648 0.0405912 -0.8387859 0.5426184
1317359612.39873 510.7944336 -143.5909119 10.5219736 0.0191679 0.0405020 -0.8390766 0.5421648
1317359612.60618 509.6629944 -146.1455078 10.3545904 0.0187067 0.0417358 -0.8391659 0.5419491
1317359612.81359 508.5346069 -148.7241821 10.1865978 0.0154877 0.0451275 -0.8393046 0.5415639
1317359613.02104 507.3945007 -151.3038483 10.0068417 0.0145557 0.0464509 -0.8393187 0.5414560
1317359613.22849 506.2310181 -153.8816986 9.8408022 0.0154612 0.0439760 -0.8392110 0.5418043
1317359613.43597 505.0726318 -156.4607239 9.6902504 0.0180786 0.0420363 -0.8391870 0.5419145
1317359613.64347 503.9224243 -159.0401459 9.5212526 0.0184429 0.0430858 -0.8391314 0.5419058
1317359613.85100 502.7864075 -161.6025085 9.3435192 0.0184314 0.0419791 -0.8391412 0.5419779
1317359614.05844 501.6156311 -164.1859436 9.1805143 0.0186947 0.0393725 -0.8389233 0.5425017
1317359614.26590 500.4752197 -166.7756653 9.0292511 0.0180492 0.0424573 -0.8381002 0.5435620
1317359614.47343 499.3484497 -169.3810883 8.8485489 0.0196396 0.0446361 -0.8373809 0.5444402
1317359614.68090 498.2384338 -171.9405212 8.6696711 0.0178762 0.0436386 -0.8360483 0.5466254
1317359614.88834 497.1398621 -174.4843597 8.5081930 0.0161855 0.0432862 -0.8353103 0.5478331
1317359615.09583 496.0386353 -177.0449066 8.3435135 0.0166167 0.0447448 -0.8349477 0.5482556
1317359615.30341 494.9557190 -179.6031799 8.1774006 0.0164825 0.0444700 -0.8350633 0.5481059
1317359615.51089 493.8536377 -182.1535950 8.0118437 0.0158748 0.0427360 -0.8359369 0.5469288
1317359615.71837 492.7500305 -184.6815186 7.8631897 0.0164434 0.0412884 -0.8372852 0.5449572
1317359615.92582 491.6416016 -187.1905365 7.7056170 0.0181396 0.0417701 -0.8389966 0.5422277
1317359616.13323 490.5260620 -189.6781921 7.5415654 0.0187520 0.0409350 -0.8408133 0.5394494
1317359616.34067 489.4083862 -192.1220093 7.3988934 0.0182627 0.0383439 -0.8424998 0.5370198
1317359616.54812 488.2826843 -194.5625305 7.2517624 0.0179735 0.0393247 -0.8441929 0.5342928
1317359616.75553 487.1564941 -196.9743042 7.1012063 0.0175162 0.0424370 -0.8457354 0.5316239
1317359616.96298 486.0426636 -199.3167114 6.9575000 0.0180665 0.0439324 -0.8470720 0.5293511
1317359617.17043 484.9446106 -201.5880127 6.8182182 0.0187912 0.0447808 -0.8480818 0.5276351
1317359617.37785 483.8858337 -203.7763062 6.6831226 0.0168358 0.0464367 -0.8488896 0.5262572
1317359617.58523 482.8542175 -205.8982391 6.5499620 0.0161563 0.0479764 -0.8489404 0.5260584
1317359617.79263 481.8623657 -207.9411011 6.4222841 0.0156904 0.0487554 -0.8477060 0.5279879
1317359617.99995 480.9259949 -209.9277649 6.2980857 0.0151815 0.0492722 -0.8442617 0.5334453
1317359618.20736 480.0467224 -211.8901825 6.1755972 0.0154532 0.0491796 -0.8378787 0.5434168
1317359618.41472 479.2444153 -213.8300018 6.0596881 0.0150577 0.0485092 -0.8293483 0.5564185
1317359618.62220 478.5409851 -215.7573395 5.9241309 0.0115810 0.0504495 -0.8186976 0.5718872
1317359618.82958 477.9166260 -217.6884155 5.8120942 0.0089301 0.0510501 -0.8077297 0.5872707
1317359619.03696 477.3500061 -219.6564789 5.6879735 0.0086270 0.0512813 -0.7958528 0.6032530
1317359619.24437 476.8850708 -221.6493225 5.5558090 0.0091043 0.0543026 -0.7831639 0.6193728
1317359619.45177 476.4983215 -223.6548462 5.4242406 0.0096628 0.0576295 -0.7696459 0.6357914
1317359619.76295 476.0863342 -226.6589050 5.1977859 0.0070400 0.0614205 -0.7493253 0.6593099
1317359619.97041 475.8993835 -228.6744690 5.0400858 0.0076506 0.0605876 -0.7344255 0.6759362
1317359620.17779 475.8094788 -230.6938477 4.8868165 0.0081477 0.0552252 -0.7173238 0.6945001
1317359620.38517 475.8307495 -232.7440796 4.7331185 0.0085893 0.0524981 -0.6980730 0.7140478
1317359620.59260 475.9754639 -234.8161774 4.5852137 0.0088756 0.0529628 -0.6765437 0.7344418
1317359620.79998 476.2530823 -236.8841858 4.4241962 0.0081130 0.0557716 -0.6543825 0.7540605
1317359621.00750 476.6658020 -238.9456635 4.2625871 0.0059576 0.0584636 -0.6316728 0.7730045
1317359621.21505 477.1954956 -241.0013885 4.0738220 0.0023450 0.0588158 -0.6089631 0.7910115
1317359621.42255 477.8381958 -243.0480652 3.8906128 -0.0008425 0.0591326 -0.5850952 0.8088054
1317359621.62999 478.6128540 -245.0809631 3.7078960 -0.0006821 0.0612983 -0.5615251 0.8251858
1317359621.83739 479.5025330 -247.0764160 3.5189853 0.0003759 0.0607827 -0.5372399 0.8412364
1317359622.04484 480.4913330 -249.0182648 3.3310993 -0.0009487 0.0599428 -0.5136994 0.8558732
1317359622.25235 481.6136780 -250.9352264 3.1128426 -0.0001625 0.0628493 -0.4901802 0.8693523
1317359622.45977 482.8314514 -252.8026733 2.8967566 0.0030533 0.0646273 -0.4684170 0.8811354
1317359622.66733 484.1513367 -254.6246185 2.6685719 0.0032257 0.0649079 -0.4476261 0.8918562
1317359622.87490 485.5693970 -256.3917847 2.4311669 0.0014715 0.0661528 -0.4300390 0.9003822
1317359623.08254 487.0604858 -258.1279602 2.1865757 -0.0011607 0.0674883 -0.4145691 0.9075111
1317359623.29018 488.6236267 -259.8539124 1.9269364 -0.0014069 0.0676174 -0.4023190 0.9129980
1317359623.49781 490.2182007 -261.5250244 1.6805905 -0.0014856 0.0657417 -0.3911631 0.9179691
1317359623.70543 491.8632202 -263.1899719 1.4417109 -0.0023917 0.0648315 -0.3820236 0.9218726
1317359623.91315 493.5239563 -264.8123169 1.2027326 -0.0025516 0.0654254 -0.3766837 0.9240251
1317359624.12084 495.1835327 -266.4120483 0.9593390 -0.0021827 0.0666095 -0.3731571 0.9253714
1317359624.32851 496.8643494 -268.0062561 0.7125782 -0.0009280 0.0664966 -0.3706989 0.9263691
1317359624.53613 498.5374451 -269.5773621 0.4631301 -0.0006457 0.0646784 -0.3683602 0.9274303
1317359624.74373 500.2031860 -271.1323242 0.2473962 -0.0003896 0.0631614 -0.3675007 0.9278759
1317359624.95135 501.8465881 -272.6741638 0.0141908 0.0001282 0.0639093 -0.3689297 0.9272575
1317359625.15902 503.4336853 -274.1842957 -0.2077643 -0.0009223 0.0660189 -0.3735716 0.9252486
1317359625.36676 504.9697876 -275.6649170 -0.4273099 -0.0021183 0.0665330 -0.3800962 0.9225485
1317359625.57453 506.4125061 -277.1172791 -0.6301815 -0.0043474 0.0652479 -0.3896529 0.9186373
1317359625.78237 507.7663269 -278.5682068 -0.8137612 -0.0037969 0.0631737 -0.4019708 0.9134627
1317359625.99020 509.0331726 -280.0095825 -0.9842538 -0.0020769 0.0606035 -0.4150852 0.9077594
1317359626.19804 510.1923218 -281.4303589 -1.1394942 0.0002388 0.0560505 -0.4287621 0.9016770
1317359626.40593 511.2489014 -282.8199158 -1.2621828 -0.0007394 0.0455035 -0.4440036 0.8948685
1317359626.61386 512.2145996 -284.1505432 -1.3626739 -0.0073040 0.0378266 -0.4605939 0.8867745
1317359626.82191 513.1104126 -285.4747620 -1.4181722 -0.0098687 0.0380607 -0.4815542 0.8755339
1317359627.03011 513.8969116 -286.8132935 -1.4874587 -0.0087160 0.0407205 -0.5063762 0.8613066
1317359627.23843 514.5308228 -288.1585388 -1.5543656 -0.0055042 0.0383105 -0.5359302 0.8433747
1317359627.44677 515.0465698 -289.5200806 -1.5965099 -0.0053283 0.0291012 -0.5689826 0.8218172
1317359627.65504 515.4688110 -290.9288330 -1.6238471 -0.0089172 0.0235289 -0.6027231 0.7975536
1317359627.86319 515.7789917 -292.3906250 -1.6370884 -0.0075271 0.0247077 -0.6362085 0.7710847
1317359628.07124 515.9685059 -293.8522644 -1.6571319 -0.0048506 0.0276716 -0.6669556 0.7445676
1317359628.27930 516.0145874 -295.3224792 -1.6802764 -0.0016358 0.0254045 -0.6990076 0.7146609
1317359628.48718 515.9461670 -296.7919006 -1.7102032 -0.0025047 0.0217735 -0.7284713 0.6847256
1317359628.69480 515.7457886 -298.2518921 -1.7164638 -0.0010135 0.0169762 -0.7525602 0.6583039
1317359628.90226 515.4994507 -299.7183228 -1.7269018 0.0002015 0.0181372 -0.7717189 0.6357050
1317359629.10954 515.1697998 -301.1727600 -1.7352158 0.0024659 0.0162910 -0.7846877 0.6196723
1317359629.31695 514.7720947 -302.6105957 -1.7501501 0.0039485 0.0150883 -0.7956714 0.6055276
1317359629.52440 514.3298950 -304.0333557 -1.7642996 0.0060083 0.0140770 -0.8069141 0.5904705
1317359629.73193 513.8325806 -305.4516602 -1.7757094 0.0058856 0.0151976 -0.8189080 0.5736933
1317359629.93957 513.2747803 -306.8358459 -1.7940998 0.0046306 0.0152557 -0.8336336 0.5520878
1317359630.14739 512.6184082 -308.1757202 -1.8028979 0.0032891 0.0144574 -0.8504982 0.5257689
1317359630.35532 511.8798218 -309.4644775 -1.8265213 0.0048800 0.0155272 -0.8695015 0.4936620
1317359630.56330 511.0140076 -310.6978149 -1.8290800 0.0073552 0.0121858 -0.8881338 0.4593644
1317359630.77128 510.0689392 -311.8397827 -1.8394558 0.0068102 0.0116543 -0.9074515 0.4199399
1317359630.97924 509.0415955 -312.8792419 -1.8495338 0.0087979 0.0096400 -0.9242489 0.3815673
1317359631.18711 507.9605713 -313.8150940 -1.8556762 0.0110149 0.0073879 -0.9387151 0.3444388
1317359631.39477 506.8545837 -314.6374207 -1.8604850 0.0105861 0.0050085 -0.9506575 0.3100214
1317359631.60230 505.6714783 -315.3847046 -1.8691421 0.0085440 0.0012141 -0.9603248 0.2787504
1317359631.80972 504.4635315 -316.0687561 -1.8695325 0.0090328 0.0008028 -0.9678843 0.2512325
1317359632.01711 503.2049561 -316.6878052 -1.8802749 0.0105254 -0.0010072 -0.9745691 0.2238375
1317359632.22459 501.9184570 -317.2221069 -1.8934355 0.0125716 -0.0023356 -0.9807720 0.1947379
1317359632.43216 500.6088867 -317.6823425 -1.8964591 0.0113354 -0.0043544 -0.9866163 0.1626062
1317359632.63981 499.2660522 -318.0658264 -1.9068687 0.0098344 -0.0060022 -0.9914505 0.1299739
1317359632.84745 497.8828430 -318.3498230 -1.9125804 0.0145832 -0.0080011 -0.9951441 0.0970129
1317359633.05512 496.4668884 -318.5515137 -1.9370127 0.0149330 -0.0074427 -0.9978417 0.0635098
1317359633.26279 495.0364380 -318.6527710 -1.9546502 0.0128838 -0.0073169 -0.9994686 0.0290325
1317359633.47036 493.5598450 -318.6556702 -1.9794908 -0.0121328 0.0090094 0.9998848 0.0014000
1317359633.67784 492.0465393 -318.5794983 -1.9981813 -0.0112849 0.0107728 0.9994700 0.0285700
1317359633.88527 490.5002747 -318.4231873 -2.0126784 -0.0100439 0.0118637 0.9986092 0.0503782
1317359634.09272 488.9286499 -318.2258911 -2.0274262 -0.0077986 0.0108193 0.9975669 0.0684283
1317359634.30015 487.3235474 -317.9782715 -2.0436118 -0.0078533 0.0094667 0.9964816 0.0829044
1317359634.50758 485.6777649 -317.6653137 -2.0638478 -0.0089525 0.0085456 0.9954311 0.0946773
1317359634.71494 483.9876099 -317.3168335 -2.0747156 -0.0095744 0.0103442 0.9947742 0.1011222
1317359634.92229 482.2943115 -316.9666748 -2.0843329 -0.0068423 0.0113695 0.9945239 0.1036639
1317359635.12973 480.5690918 -316.5842896 -2.0957832 -0.0066360 0.0114137 0.9943743 0.1050970
1317359635.33716 478.7919617 -316.2044067 -2.1087396 -0.0092876 0.0124614 0.9941970 0.1064457
1317359635.54461 476.9937744 -315.8176270 -2.1282425 -0.0089314 0.0142928 0.9940046 0.1080319
1317359635.75209 475.1483765 -315.4177246 -2.1458819 -0.0081275 0.0128205 0.9938495 0.1096941
1317359635.95959 473.2825012 -314.9963989 -2.1653123 -0.0082450 0.0136157 0.9936658 0.1112427
1317359636.16711 471.3605347 -314.5595398 -2.1777465 -0.0081777 0.0142901 0.9934648 0.1129449
1317359636.37466 469.4274902 -314.1156921 -2.1948864 -0.0085856 0.0150898 0.9932621 0.1145821
1317359636.58524 467.4626770 -313.6595764 -2.2113676 -0.0090007 0.0149344 0.9930598 0.1163105
1317359636.78964 465.4940186 -313.1963806 -2.2273939 -0.0103735 0.0152260 0.9928348 0.1180661
1317359636.99722 463.5321045 -312.7250671 -2.2517974 -0.0093474 0.0142822 0.9926657 0.1196802
1317359637.20468 461.5390930 -312.2323303 -2.2714596 -0.0105768 0.0143757 0.9925555 0.1204782
1317359637.41220 459.5668030 -311.7570801 -2.2943244 -0.0106140 0.0148234 0.9927591 0.1187303
1317359637.61970 457.5673218 -311.3068237 -2.3024080 -0.0097085 0.0113497 0.9931791 0.1156386
1317359637.82718 455.5827637 -310.8641968 -2.3081160 -0.0077671 0.0091389 0.9937262 0.1111951
1317359638.03468 453.5729980 -310.4483643 -2.3023186 -0.0041966 0.0052593 0.9943768 0.1056860
1317359638.24214 451.5721741 -310.0699768 -2.2920449 -0.0045418 -0.0006110 0.9951053 0.0987139
1317359638.44956 449.5399475 -309.7059326 -2.2886753 -0.0067283 -0.0036095 0.9959315 0.0897891
1317359638.65698 447.5369263 -309.3913879 -2.2918475 -0.0090002 -0.0021010 0.9970335 0.0764115
1317359638.86442 445.5335999 -309.1333618 -2.2788336 -0.0078734 -0.0000889 0.9981074 0.0609887
1317359639.07192 443.5210571 -308.9501343 -2.2870817 -0.0049700 -0.0027936 0.9989089 0.0463526
1317359639.27944 441.5165710 -308.8104248 -2.2864387 -0.0062345 -0.0018693 0.9994352 0.0329693
1317359639.48697 439.5169067 -308.7306213 -2.2754662 -0.0069861 -0.0009893 0.9997907 0.0192026
1317359639.69456 437.4937744 -308.7175598 -2.2722435 -0.0084655 -0.0044132 0.9999381 0.0057102
1317359639.90213 435.4855042 -308.7638245 -2.2790232 0.0105283 0.0068170 -0.9998949 0.0072770
1317359640.10966 433.4873962 -308.8545532 -2.2887533 0.0107062 0.0077941 -0.9997124 0.0199955
1317359640.31718 431.4926758 -308.9978027 -2.3078072 0.0119634 0.0074788 -0.9993534 0.0330712
1317359640.52469 429.4808350 -309.1785889 -2.3300231 0.0140089 0.0081348 -0.9988311 0.0455421
1317359640.73221 427.4954529 -309.3883362 -2.3470104 0.0136588 0.0064836 -0.9982074 0.0579081
1317359640.93978 425.5081787 -309.6700745 -2.3718748 0.0118983 0.0055605 -0.9974756 0.0697845
1317359641.14731 423.5159912 -310.0030212 -2.3893168 0.0116444 0.0066621 -0.9966240 0.0809980
1317359641.35491 421.5418091 -310.3707886 -2.3979623 0.0099892 0.0071789 -0.9957871 0.0908668
1317359641.56251 419.5770264 -310.7827148 -2.4109242 0.0091109 0.0079996 -0.9948557 0.1005743
1317359641.77010 417.6198425 -311.2220764 -2.4219909 0.0102259 0.0085925 -0.9939483 0.1090337
1317359641.97767 415.6932678 -311.6999817 -2.4388399 0.0115164 0.0102531 -0.9929560 0.1174764
1317359642.18516 413.7812500 -312.2011719 -2.4512084 0.0117044 0.0109397 -0.9919608 0.1255275
1317359642.39280 411.8817139 -312.7367249 -2.4827733 0.0126437 0.0126242 -0.9909124 0.1333170
1317359642.60003 409.9906311 -313.2954102 -2.5103197 0.0143938 0.0135631 -0.9899388 0.1401075
1317359642.80751 408.1412048 -313.8610535 -2.5354784 0.0144093 0.0138104 -0.9889574 0.1468502
1317359643.01501 406.3349915 -314.4395447 -2.5613616 0.0116370 0.0140455 -0.9879428 0.1537412
1317359643.22253 404.5863037 -315.0232544 -2.5721171 0.0093751 0.0135947 -0.9868533 0.1607724
1317359643.43011 402.8966980 -315.6187439 -2.5744321 0.0071089 0.0120861 -0.9856387 0.1682845
1317359643.63768 401.3180237 -316.2063904 -2.5577047 0.0006883 0.0110865 -0.9844333 0.1754073
1317359643.84531 399.8387756 -316.7833862 -2.5256095 -0.0089057 0.0120772 -0.9833324 0.1811964
1317359644.05286 398.4598999 -317.3473206 -2.4851296 -0.0152977 0.0126420 -0.9824835 0.1852901
1317359644.36443 396.5114136 -318.1365356 -2.3780079 -0.0245287 0.0111125 -0.9818511 0.1877319
1317359644.78031 394.0054016 -319.0919495 -2.2158561 -0.0199431 0.0053718 -0.9839229 0.1773954
1317359645.09267 392.1424255 -319.7276917 -2.1159992 -0.0155337 0.0024332 -0.9891317 0.1461894
1317359645.50962 389.6343689 -320.2752991 -2.0135992 -0.0027954 -0.0010825 -0.9971649 0.0751871
1317359646.13472 385.8995667 -320.2391052 -1.9729415 -0.0069601 0.0019055 0.9984091 0.0559220
1317359646.55089 383.3949890 -319.6404114 -1.9844440 -0.0139516 0.0007506 0.9889094 0.1478616
1317359646.86276 381.5804443 -318.8653870 -2.0160241 -0.0138251 0.0036179 0.9769327 0.2130687
1317359647.27788 379.2192078 -317.4744568 -2.0660791 -0.0121144 0.0106750 0.9590090 0.2829153
1317359647.58889 377.4806519 -316.1779480 -2.1051791 -0.0072434 0.0160655 0.9477555 0.3185104
1317359648.00346 375.1274109 -314.2150269 -2.1524227 -0.0056707 0.0179637 0.9372720 0.3480895
1317359648.31445 373.2832031 -312.5382690 -2.1949439 -0.0043092 0.0200085 0.9322652 0.3611962
1317359648.52160 371.9910278 -311.3681641 -2.2163126 -0.0045176 0.0225787 0.9328106 0.3596305
1317359648.72890 370.6580811 -310.1842346 -2.2441711 -0.0057100 0.0205266 0.9343769 0.3556485
1317359648.93628 369.2717896 -308.9874573 -2.2745116 -0.0062127 0.0182179 0.9350522 0.3539872
1317359649.14371 367.8490906 -307.7467651 -2.3052325 -0.0065011 0.0171206 0.9356052 0.3525728
1317359649.35117 366.3804626 -306.4700012 -2.3354051 -0.0057418 0.0173746 0.9362938 0.3507407
1317359649.55867 364.8695068 -305.1767883 -2.3638718 -0.0051846 0.0168440 0.9369314 0.3490688
1317359649.76619 363.3255310 -303.8583679 -2.3780508 -0.0035554 0.0153089 0.9377164 0.3470461
1317359649.97362 361.7449951 -302.5316162 -2.3903756 -0.0015404 0.0135600 0.9385475 0.3448803
1317359650.28475 359.3266602 -300.5170288 -2.4022315 -0.0023910 0.0120959 0.9398998 0.3412276
1317359650.49211 357.6860352 -299.1697693 -2.3981481 -0.0035653 0.0125974 0.9413968 0.3370470
1317359650.80317 355.1764526 -297.1847229 -2.4139471 -0.0065610 0.0126950 0.9443461 0.3286430
1317359651.01055 353.4748535 -295.8744812 -2.4322617 -0.0052798 0.0131828 0.9471121 0.3205886
1317359651.21791 351.7390747 -294.5928650 -2.4335868 -0.0037492 0.0147877 0.9508528 0.3092672
1317359651.42522 349.9859619 -293.3720398 -2.4314566 -0.0019484 0.0158721 0.9554532 0.2947091
1317359651.73621 347.2494507 -291.6620789 -2.4207768 -0.0019160 0.0140225 0.9623853 0.2713196
1317359652.04744 344.4232178 -290.0642700 -2.4218032 -0.0050987 0.0121849 0.9676965 0.2517718
1317359652.25496 342.5099487 -289.0437927 -2.4278574 -0.0046992 0.0122613 0.9709450 0.2389424
1317359652.46246 340.5606689 -288.0782776 -2.4383299 -0.0039161 0.0119779 0.9740236 0.2260955
1317359652.66999 338.5843201 -287.1525269 -2.4309578 -0.0022265 0.0120313 0.9768011 0.2137988
1317359652.87751 336.5811157 -286.2661133 -2.4171743 -0.0018836 0.0124236 0.9790374 0.2032927
1317359653.08511 334.5388184 -285.4122620 -2.4153190 -0.0029593 0.0147455 0.9805601 0.1956418
1317359653.29283 332.4819336 -284.5821228 -2.4117191 -0.0036530 0.0144676 0.9814010 0.1913881
1317359653.50062 330.3938599 -283.7503662 -2.4217856 -0.0037984 0.0140075 0.9817324 0.1897124
1317359653.70829 328.2785339 -282.9212646 -2.4234433 -0.0028961 0.0134959 0.9820813 0.1879516
1317359653.91591 326.1542969 -282.0993652 -2.4273491 -0.0036415 0.0136104 0.9827002 0.1846666
1317359654.12351 323.9944153 -281.2592163 -2.4224985 -0.0032532 0.0178435 0.9832304 0.1814635
1317359654.33113 321.8269958 -280.4488525 -2.4216878 -0.0003111 0.0179035 0.9835985 0.1794808
1317359654.53875 319.6163940 -279.6217651 -2.4262834 -0.0035200 0.0185051 0.9837473 0.1785677
1317359654.74635 317.3854675 -278.7876587 -2.4468668 -0.0056819 0.0226433 0.9836802 0.1784048
1317359654.95387 315.1311646 -277.9264832 -2.4547348 -0.0034410 0.0259590 0.9835232 0.1788755
1317359655.16137 312.8502808 -277.0800476 -2.4548726 -0.0042217 0.0257197 0.9833155 0.1800313
1317359655.36890 310.5547791 -276.2310791 -2.4748468 -0.0058962 0.0206936 0.9828543 0.1831240
1317359655.57645 308.2429810 -275.3583984 -2.4963989 -0.0081453 0.0153433 0.9819690 0.1882421
1317359655.78398 305.9237671 -274.4408264 -2.5232842 -0.0068554 0.0119519 0.9805935 0.1955674
1317359655.99145 303.6124268 -273.4713745 -2.5323741 -0.0076308 0.0108616 0.9790150 0.2033552
1317359656.19886 301.3183289 -272.4335632 -2.5676241 -0.0083611 0.0150793 0.9771944 0.2116455
1317359656.40626 299.0095825 -271.3472900 -2.5834959 -0.0046028 0.0207888 0.9753586 0.2195954
1317359656.61374 296.6988525 -270.2321472 -2.5976801 -0.0052728 0.0209547 0.9736968 0.2268208
1317359656.82115 294.3915405 -269.0763245 -2.6359005 -0.0096875 0.0230943 0.9718721 0.2341738
1317359657.02855 292.0791016 -267.8874207 -2.6803513 -0.0077752 0.0286515 0.9708625 0.2377913
1317359657.23601 289.7849426 -266.6928406 -2.7009127 -0.0066742 0.0266479 0.9703318 0.2402114
1317359657.44344 287.4396667 -265.4779663 -2.7397985 -0.0078057 0.0230092 0.9700780 0.2415748
1317359657.75454 283.9381104 -263.6493225 -2.8019617 -0.0101699 0.0227980 0.9697274 0.2429105
1317359658.06568 280.4202271 -261.7885742 -2.8680940 -0.0103000 0.0218219 0.9697523 0.2428953
1317359658.27306 278.0529175 -260.5450134 -2.9180763 -0.0114810 0.0199010 0.9695244 0.2439149
1317359658.58402 274.4980469 -258.6381226 -2.9999852 -0.0117595 0.0213588 0.9688983 0.2462552
1317359658.89509 270.8945618 -256.6943054 -3.0842896 -0.0128727 0.0194993 0.9686346 0.2473885
1317359659.20612 267.2713013 -254.7411194 -3.1737704 -0.0121074 0.0215372 0.9687883 0.2466550
1317359659.51713 263.6127319 -252.7747498 -3.2611902 -0.0124195 0.0206373 0.9689347 0.2461408
1317359659.82827 259.9359741 -250.8022003 -3.3499084 -0.0119872 0.0206473 0.9690573 0.2456785
1317359660.03572 257.4610901 -249.4844971 -3.3993068 -0.0117125 0.0202737 0.9691214 0.2454699
1317359660.34697 253.7199097 -247.4811096 -3.4881485 -0.0119885 0.0226119 0.9691104 0.2452957
1317359660.55445 251.2125854 -246.1416016 -3.5425477 -0.0111719 0.0235082 0.9689958 0.2457023
1317359660.86556 247.4239197 -244.1014099 -3.6126142 -0.0104815 0.0241061 0.9685555 0.2474052
1317359661.17668 243.6238556 -242.0492859 -3.7152982 -0.0131587 0.0217981 0.9675872 0.2512502
1317359661.38409 241.0878754 -240.6400909 -3.7692888 -0.0119695 0.0225069 0.9670624 0.2532596
1317359661.59160 238.5463562 -239.2239075 -3.8261118 -0.0112239 0.0217344 0.9667140 0.2546875
1317359661.79912 235.9918518 -237.7871857 -3.8910379 -0.0128420 0.0227912 0.9663889 0.2557503
1317359662.00655 233.4762726 -236.3538513 -3.9562323 -0.0131032 0.0240858 0.9661833 0.2563944
1317359662.21398 230.9336090 -234.9080811 -4.0260372 -0.0134246 0.0264648 0.9659825 0.2568990
1317359662.42139 228.3822021 -233.4573517 -4.0920897 -0.0137237 0.0277393 0.9660090 0.2566494
1317359662.62877 225.8404236 -232.0143433 -4.1631522 -0.0134916 0.0271462 0.9661916 0.2560367
1317359662.83615 223.2845764 -230.5888214 -4.2308860 -0.0139088 0.0260079 0.9665561 0.2547537
1317359663.04356 220.7399139 -229.1734009 -4.3132229 -0.0150544 0.0253588 0.9670113 0.2530206
1317359663.25096 218.1775208 -227.7645111 -4.3752098 -0.0141311 0.0228082 0.9676176 0.2509906
1317359663.45832 215.6172638 -226.3809357 -4.4426990 -0.0131468 0.0185590 0.9682771 0.2488415
1317359663.76933 211.7544861 -224.3103027 -4.5469012 -0.0161545 0.0170706 0.9692544 0.2449357
1317359663.97676 209.1789246 -222.9472198 -4.6139727 -0.0164162 0.0187045 0.9700367 0.2416806
1317359664.18417 206.5927277 -221.5892487 -4.6886454 -0.0159934 0.0211775 0.9709146 0.2379509
1317359664.39155 203.9807892 -220.2587128 -4.7660398 -0.0158618 0.0226921 0.9723260 0.2319819
1317359664.59897 201.3843231 -218.9890747 -4.8336420 -0.0140450 0.0207645 0.9740194 0.2250727
1317359664.80635 198.7514801 -217.7575378 -4.8998632 -0.0151021 0.0183867 0.9755606 0.2184386
1317359665.01376 196.0915680 -216.5499420 -4.9767423 -0.0162399 0.0182363 0.9770716 0.2115059
1317359665.22122 193.4436646 -215.3821564 -5.0357842 -0.0147329 0.0180758 0.9785276 0.2047923
1317359665.42872 190.7780304 -214.2418060 -5.1000147 -0.0146764 0.0186430 0.9795484 0.1998050
1317359665.63627 188.1122437 -213.1184387 -5.1684513 -0.0151790 0.0207414 0.9801754 0.1964576
1317359665.84382 185.4342041 -212.0197754 -5.2216253 -0.0140059 0.0213949 0.9806532 0.1940756
1317359666.05130 182.7408142 -210.9391479 -5.2790728 -0.0140838 0.0202024 0.9812194 0.1913165
1317359666.25872 180.0356598 -209.8675537 -5.3382516 -0.0148217 0.0194227 0.9817718 0.1884865
1317359666.46610 177.3187103 -208.8048553 -5.3939719 -0.0147937 0.0194507 0.9822718 0.1858627
1317359666.67349 174.6207123 -207.7619781 -5.4567041 -0.0143597 0.0216838 0.9827397 0.1831562
1317359666.88087 171.9220276 -206.7386017 -5.5119190 -0.0134344 0.0221787 0.9831754 0.1808143
1317359667.08835 169.1774292 -205.7342682 -5.5799551 -0.0155063 0.0189134 0.9835214 0.1791296
1317359667.29582 166.4517059 -204.7393951 -5.6541753 -0.0173094 0.0165407 0.9837483 0.1779496
1317359667.50328 163.7166595 -203.7332306 -5.7257228 -0.0175630 0.0169784 0.9838860 0.1771204
1317359667.71066 160.9971466 -202.7350616 -5.7891998 -0.0163123 0.0179148 0.9840613 0.1761716
1317359667.91814 158.2842407 -201.7541962 -5.8537574 -0.0154743 0.0165800 0.9842910 0.1750909
1317359668.12551 155.5328369 -200.7687531 -5.9127488 -0.0159258 0.0155720 0.9845363 0.1737589
1317359668.33287 152.7922058 -199.7913971 -5.9745207 -0.0158502 0.0158118 0.9848642 0.1718755
1317359668.54026 150.0509338 -198.8185883 -6.0314040 -0.0154739 0.0166155 0.9851506 0.1701843
1317359668.74771 147.3155823 -197.8518066 -6.0863361 -0.0139632 0.0180519 0.9853080 0.1692549
1317359668.95524 144.5893555 -196.9013977 -6.1298075 -0.0142212 0.0175674 0.9850933 0.1705298
1317359669.16281 141.8484802 -195.9281921 -6.1848717 -0.0153863 0.0156474 0.9843997 0.1745727
1317359669.47411 137.7857361 -194.4242554 -6.2891521 -0.0196251 0.0135780 0.9825732 0.1843376
1317359669.68166 135.1141663 -193.3707581 -6.3636560 -0.0201227 0.0124722 0.9808106 0.1935203
1317359669.88918 132.4537048 -192.2785645 -6.4437594 -0.0195136 0.0096324 0.9788784 0.2032816
1317359670.09669 129.8273315 -191.1206360 -6.5197744 -0.0197858 0.0082936 0.9766979 0.2135436
1317359670.30414 127.2347565 -189.9028473 -6.5965338 -0.0197144 0.0093412 0.9743661 0.2239078
1317359670.51159 124.6986084 -188.6438293 -6.6706352 -0.0191334 0.0110975 0.9716765 0.2352775
1317359670.71905 122.1944580 -187.3217926 -6.7421350 -0.0186575 0.0128467 0.9687419 0.2470343
1317359670.92645 119.7180939 -185.9308014 -6.8234181 -0.0195699 0.0160521 0.9656095 0.2587619
1317359671.13383 117.2559433 -184.4923248 -6.9110317 -0.0184861 0.0187939 0.9626463 0.2694758
1317359671.34122 114.8174210 -183.0112000 -6.9937534 -0.0162060 0.0200065 0.9602111 0.2780858
1317359671.54867 112.4437866 -181.4808350 -7.0677128 -0.0149728 0.0246651 0.9581688 0.2847453
1317359671.75615 110.0941772 -179.9238892 -7.1518435 -0.0139852 0.0257846 0.9563895 0.2906179
1317359671.96360 107.7322769 -178.3604279 -7.2284803 -0.0140552 0.0244459 0.9547089 0.2962021
1317359672.17101 105.4022064 -176.7460785 -7.3159356 -0.0150784 0.0242432 0.9530398 0.3014964
1317359672.37844 103.0711746 -175.1120605 -7.4068847 -0.0160410 0.0235746 0.9519006 0.3050773
1317359672.58587 100.7424774 -173.4635010 -7.4963512 -0.0165939 0.0217602 0.9506880 0.3089392
1317359672.79339 98.4267120 -171.7690887 -7.5916963 -0.0178014 0.0223470 0.9487523 0.3147264
1317359673.00094 96.1212997 -170.0311890 -7.6899776 -0.0166108 0.0217045 0.9460156 0.3229666
1317359673.20832 93.8513031 -168.2631073 -7.7743592 -0.0158099 0.0218868 0.9438259 0.3293382
1317359673.41565 91.5833893 -166.4701538 -7.8646717 -0.0169777 0.0218982 0.9426709 0.3325716
1317359673.62297 89.3236542 -164.6763763 -7.9730396 -0.0177942 0.0223825 0.9422152 0.3337858
1317359673.83028 87.0484619 -162.8624115 -8.0736580 -0.0190538 0.0222454 0.9427882 0.3321031
1317359674.03766 84.7574921 -161.0661926 -8.1844826 -0.0182568 0.0207870 0.9434805 0.3302712
1317359674.24506 82.4747009 -159.2625732 -8.2621050 -0.0146576 0.0187628 0.9439250 0.3293002
1317359674.45247 80.1930542 -157.4494019 -8.3430128 -0.0145979 0.0212524 0.9441613 0.3284733
1317359674.65978 77.9075546 -155.6536102 -8.4284058 -0.0150932 0.0236087 0.9441425 0.3283441
1317359674.86716 75.6066971 -153.8536377 -8.5108356 -0.0143780 0.0224340 0.9440551 0.3287095
1317359675.07454 73.2918015 -152.0372314 -8.5899858 -0.0151831 0.0214889 0.9437213 0.3296935
1317359675.28202 70.9908447 -150.2249603 -8.6854038 -0.0165250 0.0218089 0.9432672 0.3309053
1317359675.48959 68.7064285 -148.4078674 -8.7762413 -0.0156212 0.0223272 0.9424066 0.3333575
1317359675.69714 66.4184265 -146.5650482 -8.8617544 -0.0161861 0.0219562 0.9414201 0.3361310
1317359675.90464 64.1346436 -144.7117920 -8.9512262 -0.0168763 0.0211912 0.9405187 0.3386603
1317359676.11212 61.8507843 -142.8366699 -9.0536947 -0.0187494 0.0216104 0.9396800 0.3408562
1317359676.31955 59.5797157 -140.9393921 -9.1547127 -0.0177052 0.0223691 0.9391522 0.3423145
1317359676.52691 57.3149223 -139.0565796 -9.2521343 -0.0180017 0.0221731 0.9387550 0.3433998
1317359676.73426 55.0297203 -137.1559753 -9.3597679 -0.0192401 0.0212445 0.9386287 0.3437364
1317359676.94165 52.7561836 -135.2606659 -9.4719477 -0.0202161 0.0198767 0.9384372 0.3442845
1317359677.14902 50.4635086 -133.3250275 -9.5750036 -0.0181902 0.0220320 0.9385052 0.3440809
1317359677.35641 48.1794281 -131.4189301 -9.6608143 -0.0146560 0.0194749 0.9388305 0.3435161
1317359677.56381 45.8992577 -129.5161133 -9.7645140 -0.0177058 0.0193192 0.9388989 0.3431940
1317359677.77120 43.6160622 -127.5966797 -9.8552113 -0.0170006 0.0211594 0.9390524 0.3427009
1317359677.97867 41.3476715 -125.6932297 -9.9522400 -0.0159513 0.0246774 0.9389661 0.3427523
1317359678.18605 39.0671921 -123.7853012 -10.0413084 -0.0150425 0.0255470 0.9391371 0.3422609
1317359678.39346 36.7842979 -121.8902893 -10.1324539 -0.0161080 0.0251166 0.9393872 0.3415573
1317359678.60094 34.4903564 -120.0079117 -10.2278004 -0.0172047 0.0227774 0.9396218 0.3410220
1317359678.80840 32.2093124 -118.1244202 -10.3197308 -0.0182887 0.0224223 0.9398349 0.3404015
1317359679.01585 29.9360905 -116.2552872 -10.4224653 -0.0167427 0.0233937 0.9401616 0.3395122
1317359679.22330 27.6604500 -114.3964691 -10.5080271 -0.0163531 0.0216958 0.9404902 0.3387331
1317359679.43068 25.3839817 -112.5267792 -10.5999937 -0.0173162 0.0209430 0.9406974 0.3381567
1317359679.63799 23.0716000 -110.6421356 -10.6966352 -0.0175728 0.0220254 0.9408770 0.3375744
1317359679.84542 20.7665462 -108.7869110 -10.7969675 -0.0174836 0.0206912 0.9410247 0.3372516
1317359680.05287 18.4374352 -106.9374237 -10.8996210 -0.0189389 0.0159225 0.9412277 0.3368651
1317359680.26025 16.1952229 -105.1146088 -11.0020666 -0.0189711 0.0171188 0.9414468 0.3361919
1317359680.46768 13.8963976 -103.2583771 -11.0950212 -0.0188958 0.0171789 0.9416374 0.3356587
1317359680.77891 10.4620037 -100.4998550 -11.2492657 -0.0182318 0.0166991 0.9417664 0.3353578
1317359680.98634 8.1840487 -98.6533890 -11.3347845 -0.0172647 0.0179775 0.9419395 0.3348562
1317359681.19370 5.8834004 -96.7953033 -11.4197483 -0.0179866 0.0181988 0.9421876 0.3341074
1317359681.40106 3.5666280 -94.9808655 -11.5081797 -0.0178872 0.0159606 0.9425479 0.3332097
1317359681.71216 0.0859701 -92.2262344 -11.6309643 -0.0176281 0.0116526 0.9427770 0.3327537
1317359681.91962 -2.1943865 -90.4142532 -11.7094593 -0.0170896 0.0115117 0.9428922 0.3324602
1317359682.23080 -5.6303453 -87.6869431 -11.8079615 -0.0149130 0.0110814 0.9431519 0.3318424
1317359682.43830 -7.9269023 -85.8751755 -11.8570156 -0.0132176 0.0093946 0.9432680 0.3316362
1317359682.64575 -10.1910915 -84.0974045 -11.8930750 -0.0120439 0.0041466 0.9431392 0.3321539
1317359682.85316 -12.4668827 -82.3144760 -11.9294357 -0.0139440 0.0011332 0.9431300 0.3321297
1317359683.26790 -16.9033451 -78.8101273 -11.9922276 -0.0098969 0.0016504 0.9444691 0.3284471
1317359683.68251 -21.2496147 -75.4213638 -12.0127258 -0.0099464 0.0101476 0.9467201 0.3217439
1317359683.99362 -24.4627762 -73.0077438 -12.0462313 -0.0095794 0.0080356 0.9483060 0.3171109
1317359684.20103 -26.5410767 -71.4622879 -12.0404387 -0.0053336 0.0095544 0.9492480 0.3143382
1317359684.61589 -30.5687656 -68.5990067 -12.0083952 -0.0088694 -0.0020004 0.9503739 0.3109772
1317359684.82334 -32.4485588 -67.2750320 -12.0001154 -0.0133478 -0.0075151 0.9508150 0.3093803
1317359685.23856 -35.9591446 -64.8740692 -11.9758663 -0.0191271 -0.0272859 0.9489190 0.3137553
1317359685.65426 -38.9719200 -62.6989975 -11.9473238 -0.0238487 -0.0456673 0.9402737 0.3364984
1317359686.07053 -41.4049301 -60.6906815 -11.9224215 -0.0265040 -0.0582345 0.9214626 0.3831617
1317359686.59128 -43.5272675 -58.1102142 -11.8418255 -0.0237072 -0.0584865 0.8797637 0.4712039
1317359687.21612 -44.9129601 -54.9345703 -11.7187634 -0.0308755 -0.0407086 0.8017866 0.5954223
1317359687.94441 -45.0354424 -51.2883339 -11.6294565 -0.0327913 -0.0311089 0.6662636 0.7443452
1317359688.25609 -44.6557693 -49.8405724 -11.5810909 -0.0312935 -0.0342074 0.6011613 0.7977817
1317359688.56759 -44.0475273 -48.4370041 -11.5410004 -0.0316354 -0.0346463 0.5322320 0.8452975
1317359688.87903 -43.1482544 -47.1085510 -11.4692268 -0.0329602 -0.0300596 0.4584606 0.8875945
1317359689.08658 -42.4296684 -46.2684975 -11.4159584 -0.0329213 -0.0308481 0.4119681 0.9100807
1317359689.29406 -41.6020432 -45.4948692 -11.3786077 -0.0305741 -0.0317482 0.3657965 0.9296506
1317359689.50149 -40.6816406 -44.7960854 -11.3203688 -0.0274916 -0.0314770 0.3192145 0.9467605
1317359689.70887 -39.6396751 -44.1379967 -11.2588511 -0.0234219 -0.0294312 0.2752673 0.9606316
1317359689.91618 -38.5154648 -43.5498505 -11.1837368 -0.0213457 -0.0287479 0.2364186 0.9709913
1317359690.12337 -37.3200150 -43.0177345 -11.1132822 -0.0179840 -0.0298213 0.2041342 0.9783233
1317359690.33058 -36.0545044 -42.5383835 -11.0177450 -0.0147358 -0.0316336 0.1765625 0.9836706
1317359691.05588 -31.1914501 -41.1037903 -10.7050428 -0.0043654 -0.0271474 0.1332587 0.9906998
1317359691.67804 -26.6200848 -39.8849640 -10.4352293 -0.0040617 -0.0241333 0.1287885 0.9913701
1317359691.98920 -24.2136288 -39.2630463 -10.3127260 -0.0016825 -0.0225304 0.1271773 0.9916227
1317359692.40413 -20.8780251 -38.4293709 -10.1417437 0.0023999 -0.0175451 0.1244992 0.9920617
1317359692.92270 -16.8521557 -37.4433479 -9.9450750 0.0074419 -0.0105411 0.1216597 0.9924880
1317359693.33751 -13.7680330 -36.6591377 -9.8125296 0.0078415 -0.0128388 0.1250002 0.9920427
1317359693.75239 -10.7987757 -35.8528214 -9.6947832 0.0042190 -0.0071747 0.1301711 0.9914566
1317359694.16740 -7.9828572 -35.0412636 -9.6066799 -0.0004808 -0.0054851 0.1393899 0.9902223
1317359694.99721 -2.5854330 -33.2449226 -9.4760523 0.0028363 -0.0052668 0.1778476 0.9840399
1317359695.20461 -1.2456568 -32.6910019 -9.4296722 0.0031024 -0.0055813 0.1888880 0.9819779
1317359695.51568 0.7812744 -31.8269577 -9.3718786 0.0048791 -0.0114331 0.2043155 0.9788262
